{
    "1_1_M": [
        [
            0.7684965133666992,
            0.27582573890686035,
            -0.5773501992225647,
            0.20000000298023224
        ],
        [
            0.6398540139198303,
            -0.3312804400920868,
            0.6934263110160828,
            -0.14682413637638092
        ],
        [
            -1.4901161193847656e-08,
            -0.902315616607666,
            -0.4310760200023651,
            0.21199685335159302
        ],
        [
            0.0,
            -0.0,
            -0.0,
            1.0
        ]
    ],
    "1_1_K": [
        [
            1111.1110311937682,
            0.0,
            400.0
        ],
        [
            0.0,
            1111.1110311937682,
            300.0
        ],
        [
            0.0,
            0.0,
            1.0
        ]
    ],
    "2_1_M": [
        [
            0.4418043792247772,
            0.38672327995300293,
            -0.8094775676727295,
            0.26030847430229187
        ],
        [
            0.8971114754676819,
            -0.19045129418373108,
            0.3986469507217407,
            -0.07023820281028748
        ],
        [
            1.4901161193847656e-08,
            -0.902315616607666,
            -0.4310760200023651,
            0.21199685335159302
        ],
        [
            0.0,
            -0.0,
            -0.0,
            1.0
        ]
    ],
    "2_1_K": [
        [
            1111.1110311937682,
            0.0,
            400.0
        ],
        [
            0.0,
            1111.1110311937682,
            300.0
        ],
        [
            0.0,
            0.0,
            1.0
        ]
    ],
    "3_1_M": [
        [
            0.032572440803050995,
            0.4443935751914978,
            -0.8952392339706421,
            0.28259000182151794
        ],
        [
            0.9994693994522095,
            -0.014482665807008743,
            0.02917560562491417,
            0.025753289461135864
        ],
        [
            9.31322685637781e-10,
            -0.8957145810127258,
            -0.4446294605731964,
            0.21551813185214996
        ],
        [
            0.0,
            -0.0,
            -0.0,
            1.0
        ]
    ],
    "3_1_K": [
        [
            1111.1110311937682,
            0.0,
            400.0
        ],
        [
            0.0,
            1111.1110311937682,
            300.0
        ],
        [
            0.0,
            0.0,
            1.0
        ]
    ],
    "4_1_M": [
        [
            -0.39510464668273926,
            0.4443187713623047,
            -0.8040356040000916,
            0.25889456272125244
        ],
        [
            0.91863614320755,
            0.19110114872455597,
            -0.3458150625228882,
            0.12317872047424316
        ],
        [
            1.4901160305669237e-08,
            -0.8752492070198059,
            -0.48367223143577576,
            0.2256617397069931
        ],
        [
            0.0,
            -0.0,
            -0.0,
            1.0
        ]
    ],
    "4_1_K": [
        [
            1111.1110311937682,
            0.0,
            400.0
        ],
        [
            0.0,
            1111.1110311937682,
            300.0
        ],
        [
            0.0,
            0.0,
            1.0
        ]
    ],
    "5_1_M": [
        [
            -0.7598323225975037,
            0.35322731733322144,
            -0.5457887649536133,
            0.1918000876903534
        ],
        [
            0.6501191854476929,
            0.412837415933609,
            -0.6378952264785767,
            0.19906339049339294
        ],
        [
            0.0,
            -0.8395211696624756,
            -0.5433270335197449,
            0.2411605268716812
        ],
        [
            0.0,
            -0.0,
            -0.0,
            1.0
        ]
    ],
    "5_1_K": [
        [
            1111.1110311937682,
            0.0,
            400.0
        ],
        [
            0.0,
            1111.1110311937682,
            300.0
        ],
        [
            0.0,
            0.0,
            1.0
        ]
    ],
    "6_1_M": [
        [
            -0.974777102470398,
            0.13738013803958893,
            -0.17588700354099274,
            0.09569679200649261
        ],
        [
            0.22318053245544434,
            0.6000300049781799,
            -0.768215000629425,
            0.23292148113250732
        ],
        [
            0.0,
            -0.7880931496620178,
            -0.615556001663208,
            0.2599261701107025
        ],
        [
            0.0,
            -0.0,
            -0.0,
            1.0
        ]
    ],
    "6_1_K": [
        [
            1111.1110311937682,
            0.0,
            400.0
        ],
        [
            0.0,
            1111.1110311937682,
            300.0
        ],
        [
            0.0,
            0.0,
            1.0
        ]
    ],
    "7_1_M": [
        [
            -0.9568915963172913,
            -0.2003425657749176,
            0.2102883905172348,
            -0.00463452935218811
        ],
        [
            -0.2904450595378876,
            0.6600426435470581,
            -0.6928098201751709,
            0.21333062648773193
        ],
        [
            -1.4901160305669237e-08,
            -0.7240211963653564,
            -0.6897777318954468,
            0.27920952439308167
        ],
        [
            0.0,
            -0.0,
            -0.0,
            1.0
        ]
    ],
    "7_1_K": [
        [
            1111.1110311937682,
            0.0,
            400.0
        ],
        [
            0.0,
            1111.1110311937682,
            300.0
        ],
        [
            0.0,
            0.0,
            1.0
        ]
    ],
    "8_1_M": [
        [
            -0.6484270691871643,
            -0.5742607712745667,
            0.4997669756412506,
            -0.07984327524900436
        ],
        [
            -0.7612768411636353,
            0.4891337752342224,
            -0.42568278312683105,
            0.14392897486686707
        ],
        [
            1.4901161193847656e-08,
            -0.6564851999282837,
            -0.7543389201164246,
            0.2959830164909363
        ],
        [
            0.0,
            -0.0,
            -0.0,
            1.0
        ]
    ],
    "8_1_K": [
        [
            1111.1110311937682,
            0.0,
            400.0
        ],
        [
            0.0,
            1111.1110311937682,
            300.0
        ],
        [
            0.0,
            0.0,
            1.0
        ]
    ],
    "9_1_M": [
        [
            -0.07548996806144714,
            -0.796504020690918,
            0.5999022126197815,
            -0.10585915297269821
        ],
        [
            -0.9971465468406677,
            0.060300130397081375,
            -0.04541619494557381,
            0.04513280838727951
        ],
        [
            0.0,
            -0.601618766784668,
            -0.7987833023071289,
            0.3075299859046936
        ],
        [
            0.0,
            -0.0,
            -0.0,
            1.0
        ]
    ],
    "9_1_K": [
        [
            1111.1110311937682,
            0.0,
            400.0
        ],
        [
            0.0,
            1111.1110311937682,
            300.0
        ],
        [
            0.0,
            0.0,
            1.0
        ]
    ],
    "10_1_M": [
        [
            0.5640650391578674,
            -0.6740639209747314,
            0.4769364297389984,
            -0.07391174137592316
        ],
        [
            -0.8257304430007935,
            -0.4604600965976715,
            0.32580021023750305,
            -0.05131205916404724
        ],
        [
            2.980232594040899e-08,
            -0.5775934457778931,
            -0.8163244724273682,
            0.31208735704421997
        ],
        [
            0.0,
            -0.0,
            -0.0,
            1.0
        ]
    ],
    "10_1_K": [
        [
            1111.1110311937682,
            0.0,
            400.0
        ],
        [
            0.0,
            1111.1110311937682,
            300.0
        ],
        [
            0.0,
            0.0,
            1.0
        ]
    ],
    "11_1_M": [
        [
            0.9561229944229126,
            -0.23601481318473816,
            0.17356809973716736,
            0.004905682057142258
        ],
        [
            -0.29296568036079407,
            -0.7702581286430359,
            0.5664569735527039,
            -0.11383652687072754
        ],
        [
            0.0,
            -0.5924519896507263,
            -0.8056056499481201,
            0.30930250883102417
        ],
        [
            0.0,
            -0.0,
            -0.0,
            1.0
        ]
    ],
    "11_1_K": [
        [
            1111.1110311937682,
            0.0,
            400.0
        ],
        [
            0.0,
            1111.1110311937682,
            300.0
        ],
        [
            0.0,
            0.0,
            1.0
        ]
    ],
    "12_1_M": [
        [
            0.9457393884658813,
            0.2505185306072235,
            -0.2069242149591446,
            0.1037604957818985
        ],
        [
            0.3249264061450958,
            -0.72916579246521,
            0.6022790670394897,
            -0.12314337491989136
        ],
        [
            0.0,
            -0.6368340849876404,
            -0.7710008025169373,
            0.3003118932247162
        ],
        [
            0.0,
            -0.0,
            -0.0,
            1.0
        ]
    ],
    "12_1_K": [
        [
            1111.1110311937682,
            0.0,
            400.0
        ],
        [
            0.0,
            1111.1110311937682,
            300.0
        ],
        [
            0.0,
            0.0,
            1.0
        ]
    ],
    "13_1_M": [
        [
            0.6221321225166321,
            0.5647428631782532,
            -0.5422335863113403,
            0.19087642431259155
        ],
        [
            0.7829124331474304,
            -0.44876623153686523,
            0.43087950348854065,
            -0.07861246168613434
        ],
        [
            0.0,
            -0.692585289478302,
            -0.7213359475135803,
            0.28740859031677246
        ],
        [
            0.0,
            -0.0,
            -0.0,
            1.0
        ]
    ],
    "13_1_K": [
        [
            1111.1110311937682,
            0.0,
            400.0
        ],
        [
            0.0,
            1111.1110311937682,
            300.0
        ],
        [
            0.0,
            0.0,
            1.0
        ]
    ],
    "14_1_M": [
        [
            0.1537906676530838,
            0.6596502065658569,
            -0.7356698513031006,
            0.24113263189792633
        ],
        [
            0.9881035089492798,
            -0.10266945511102676,
            0.11450132727622986,
            0.003585018217563629
        ],
        [
            7.450580596923828e-09,
            -0.7445270419120789,
            -0.6675922870635986,
            0.2734455466270447
        ],
        [
            0.0,
            -0.0,
            -0.0,
            1.0
        ]
    ],
    "14_1_K": [
        [
            1111.1110311937682,
            0.0,
            400.0
        ],
        [
            0.0,
            1111.1110311937682,
            300.0
        ],
        [
            0.0,
            0.0,
            1.0
        ]
    ],
    "15_1_M": [
        [
            -0.31880366802215576,
            0.5881050229072571,
            -0.7433012127876282,
            0.24311533570289612
        ],
        [
            0.947820782661438,
            0.19781169295310974,
            -0.25001260638237,
            0.09828852117061615
        ],
        [
            0.0,
            -0.7842212319374084,
            -0.6204812526702881,
            0.2612057626247406
        ],
        [
            0.0,
            -0.0,
            -0.0,
            1.0
        ]
    ],
    "15_1_K": [
        [
            1111.1110311937682,
            0.0,
            400.0
        ],
        [
            0.0,
            1111.1110311937682,
            300.0
        ],
        [
            0.0,
            0.0,
            1.0
        ]
    ],
    "16_1_M": [
        [
            -0.6999799609184265,
            0.4203508794307709,
            -0.5773500800132751,
            0.19999997317790985
        ],
        [
            0.7141624093055725,
            0.41200318932533264,
            -0.565884530544281,
            0.18035447597503662
        ],
        [
            1.4901160305669237e-08,
            -0.8084297180175781,
            -0.5885927081108093,
            0.25292089581489563
        ],
        [
            0.0,
            -0.0,
            -0.0,
            1.0
        ]
    ],
    "16_1_K": [
        [
            1111.1110311937682,
            0.0,
            400.0
        ],
        [
            0.0,
            1111.1110311937682,
            300.0
        ],
        [
            0.0,
            0.0,
            1.0
        ]
    ],
    "17_1_M": [
        [
            -0.9335805177688599,
            0.20690372586250305,
            -0.29260602593421936,
            0.12602128088474274
        ],
        [
            0.35836777091026306,
            0.5390030145645142,
            -0.7622652649879456,
            0.23137566447257996
        ],
        [
            1.4901161193847656e-08,
            -0.8164965510368347,
            -0.5773502588272095,
            0.25
        ],
        [
            0.0,
            -0.0,
            -0.0,
            1.0
        ]
    ],
    "17_1_K": [
        [
            1111.1110311937682,
            0.0,
            400.0
        ],
        [
            0.0,
            1111.1110311937682,
            300.0
        ],
        [
            0.0,
            0.0,
            1.0
        ]
    ],
    "18_1_M": [
        [
            -0.9991042613983154,
            -0.024908380582928658,
            0.03421155363321304,
            0.041111577302217484
        ],
        [
            -0.04231853038072586,
            0.588065505027771,
            -0.8077054619789124,
            0.24318139255046844
        ],
        [
            0.0,
            -0.8084297180175781,
            -0.5885927677154541,
            0.25292089581489563
        ],
        [
            0.0,
            -0.0,
            -0.0,
            1.0
        ]
    ],
    "18_1_K": [
        [
            1111.1110311937682,
            0.0,
            400.0
        ],
        [
            0.0,
            1111.1110311937682,
            300.0
        ],
        [
            0.0,
            0.0,
            1.0
        ]
    ],
    "19_1_M": [
        [
            -0.9093045592308044,
            -0.2582017779350281,
            0.32633912563323975,
            -0.03478540852665901
        ],
        [
            -0.41613152623176575,
            0.5642063617706299,
            -0.7130958437919617,
            0.21860110759735107
        ],
        [
            1.4901162970204496e-08,
            -0.7842212319374084,
            -0.6204811930656433,
            0.2612057626247406
        ],
        [
            0.0,
            -0.0,
            -0.0,
            1.0
        ]
    ],
    "19_1_K": [
        [
            1111.1110311937682,
            0.0,
            400.0
        ],
        [
            0.0,
            1111.1110311937682,
            300.0
        ],
        [
            0.0,
            0.0,
            1.0
        ]
    ],
    "20_1_M": [
        [
            -0.705211877822876,
            -0.4733206629753113,
            0.5278671383857727,
            -0.0871439278125763
        ],
        [
            -0.7089966535568237,
            0.4707939624786377,
            -0.5250492691993713,
            0.16974514722824097
        ],
        [
            0.0,
            -0.7445270419120789,
            -0.6675922274589539,
            0.2734455466270447
        ],
        [
            0.0,
            -0.0,
            -0.0,
            1.0
        ]
    ],
    "20_1_K": [
        [
            1111.1110311937682,
            0.0,
            400.0
        ],
        [
            0.0,
            1111.1110311937682,
            300.0
        ],
        [
            0.0,
            0.0,
            1.0
        ]
    ],
    "21_1_M": [
        [
            -0.4457603394985199,
            -0.6457055807113647,
            0.6199694275856018,
            -0.11107279360294342
        ],
        [
            -0.8951524496078491,
            0.3215429186820984,
            -0.3087270259857178,
            0.11354297399520874
        ],
        [
            -1.4901162970204496e-08,
            -0.6925853490829468,
            -0.7213359475135803,
            0.28740859031677246
        ],
        [
            0.0,
            -0.0,
            -0.0,
            1.0
        ]
    ],
    "21_1_K": [
        [
            1111.1110311937682,
            0.0,
            400.0
        ],
        [
            0.0,
            1111.1110311937682,
            300.0
        ],
        [
            0.0,
            0.0,
            1.0
        ]
    ],
    "22_1_M": [
        [
            -0.19147548079490662,
            -0.7567353248596191,
            0.6250510215759277,
            -0.11239302158355713
        ],
        [
            -0.9814974069595337,
            0.14762775599956512,
            -0.12193812429904938,
            0.06501378864049911
        ],
        [
            7.450580596923828e-09,
            -0.6368340849876404,
            -0.771000862121582,
            0.3003118932247162
        ],
        [
            0.0,
            -0.0,
            -0.0,
            1.0
        ]
    ],
    "22_1_K": [
        [
            1111.1110311937682,
            0.0,
            400.0
        ],
        [
            0.0,
            1111.1110311937682,
            300.0
        ],
        [
            0.0,
            0.0,
            1.0
        ]
    ],
    "23_1_M": [
        [
            0.016830530017614365,
            -0.8054916262626648,
            0.5923681259155273,
            -0.10390176624059677
        ],
        [
            -0.9998583793640137,
            -0.013558770529925823,
            0.00997128151357174,
            0.030742719769477844
        ],
        [
            0.0,
            -0.5924519896507263,
            -0.8056056499481201,
            0.30930250883102417
        ],
        [
            0.0,
            -0.0,
            -0.0,
            1.0
        ]
    ],
    "23_1_K": [
        [
            1111.1110311937682,
            0.0,
            400.0
        ],
        [
            0.0,
            1111.1110311937682,
            300.0
        ],
        [
            0.0,
            0.0,
            1.0
        ]
    ],
    "24_1_M": [
        [
            0.179442897439003,
            -0.8030744194984436,
            0.5682180523872375,
            -0.0976274162530899
        ],
        [
            -0.9837684035301208,
            -0.1464836597442627,
            0.10364502668380737,
            0.006405562162399292
        ],
        [
            0.0,
            -0.5775934457778931,
            -0.8163244724273682,
            0.31208735704421997
        ],
        [
            0.0,
            -0.0,
            -0.0,
            1.0
        ]
    ],
    "24_1_K": [
        [
            1111.1110311937682,
            0.0,
            400.0
        ],
        [
            0.0,
            1111.1110311937682,
            300.0
        ],
        [
            0.0,
            0.0,
            1.0
        ]
    ],
    "25_1_M": [
        [
            0.3366107940673828,
            -0.7521693706512451,
            0.5665106773376465,
            -0.09718379378318787
        ],
        [
            -0.9416438937187195,
            -0.26887908577919006,
            0.20251141488552094,
            -0.019280672073364258
        ],
        [
            -1.4901161193847656e-08,
            -0.6016188263893127,
            -0.7987833023071289,
            0.3075299859046936
        ],
        [
            0.0,
            -0.0,
            -0.0,
            1.0
        ]
    ],
    "25_1_K": [
        [
            1111.1110311937682,
            0.0,
            400.0
        ],
        [
            0.0,
            1111.1110311937682,
            300.0
        ],
        [
            0.0,
            0.0,
            1.0
        ]
    ],
    "26_1_M": [
        [
            0.5236403942108154,
            -0.6426510810852051,
            0.5592855215072632,
            -0.09530667960643768
        ],
        [
            -0.8519394993782043,
            -0.3950023055076599,
            0.3437620997428894,
            -0.05597870051860809
        ],
        [
            -1.4901162970204496e-08,
            -0.6564850807189941,
            -0.7543388605117798,
            0.2959830164909363
        ],
        [
            0.0,
            -0.0,
            -0.0,
            1.0
        ]
    ],
    "26_1_K": [
        [
            1111.1110311937682,
            0.0,
            400.0
        ],
        [
            0.0,
            1111.1110311937682,
            300.0
        ],
        [
            0.0,
            0.0,
            1.0
        ]
    ],
    "27_1_M": [
        [
            0.7299768328666687,
            -0.4714437425136566,
            0.4948481023311615,
            -0.0785653293132782
        ],
        [
            -0.6834719181060791,
            -0.5035218000411987,
            0.5285186171531677,
            -0.10397985577583313
        ],
        [
            0.0,
            -0.7240211963653564,
            -0.689777672290802,
            0.27920952439308167
        ],
        [
            0.0,
            -0.0,
            -0.0,
            1.0
        ]
    ],
    "27_1_K": [
        [
            1111.1110311937682,
            0.0,
            400.0
        ],
        [
            0.0,
            1111.1110311937682,
            300.0
        ],
        [
            0.0,
            0.0,
            1.0
        ]
    ],
    "28_1_M": [
        [
            0.9070727825164795,
            -0.25913307070732117,
            0.3317665755748749,
            -0.036195479333400726
        ],
        [
            -0.42097386717796326,
            -0.5583542585372925,
            0.7148577570915222,
            -0.1523921638727188
        ],
        [
            0.0,
            -0.7880929708480835,
            -0.6155561804771423,
            0.2599261701107025
        ],
        [
            0.0,
            -0.0,
            -0.0,
            1.0
        ]
    ],
    "28_1_K": [
        [
            1111.1110311937682,
            0.0,
            400.0
        ],
        [
            0.0,
            1111.1110311937682,
            300.0
        ],
        [
            0.0,
            0.0,
            1.0
        ]
    ],
    "29_1_M": [
        [
            0.9968473315238953,
            -0.04310908913612366,
            0.0666099563241005,
            0.03269422426819801
        ],
        [
            -0.0793428048491478,
            -0.5416141152381897,
            0.8368744254112244,
            -0.18409302830696106
        ],
        [
            0.0,
            -0.8395211696624756,
            -0.5433270335197449,
            0.2411605268716812
        ],
        [
            0.0,
            -0.0,
            -0.0,
            1.0
        ]
    ],
    "29_1_K": [
        [
            1111.1110311937682,
            0.0,
            400.0
        ],
        [
            0.0,
            1111.1110311937682,
            300.0
        ],
        [
            0.0,
            0.0,
            1.0
        ]
    ],
    "30_1_M": [
        [
            0.9549046754837036,
            0.1436084806919098,
            -0.2598726749420166,
            0.1175169125199318
        ],
        [
            0.29691281914711,
            -0.4618608355522156,
            0.8357794880867004,
            -0.1838085651397705
        ],
        [
            1.4901162970204496e-08,
            -0.8752492070198059,
            -0.483672171831131,
            0.2256617397069931
        ],
        [
            0.0,
            -0.0,
            -0.0,
            1.0
        ]
    ],
    "30_1_K": [
        [
            1111.1110311937682,
            0.0,
            400.0
        ],
        [
            0.0,
            1111.1110311937682,
            300.0
        ],
        [
            0.0,
            0.0,
            1.0
        ]
    ],
    "31_1_M": [
        [
            0.7645485401153564,
            0.28659307956695557,
            -0.5773472785949707,
            0.19999922811985016
        ],
        [
            0.6445661187171936,
            -0.3399408161640167,
            0.6848172545433044,
            -0.1445874273777008
        ],
        [
            -1.4901160305669237e-08,
            -0.8957145810127258,
            -0.4446294605731964,
            0.21551813185214996
        ],
        [
            0.0,
            -0.0,
            -0.0,
            1.0
        ]
    ],
    "31_1_K": [
        [
            1111.1110311937682,
            0.0,
            400.0
        ],
        [
            0.0,
            1111.1110311937682,
            300.0
        ],
        [
            0.0,
            0.0,
            1.0
        ]
    ],
    "32_1_M": [
        [
            0.4418087601661682,
            0.3867223262786865,
            -0.8094756007194519,
            0.2603079676628113
        ],
        [
            0.8971092700958252,
            -0.1904532015323639,
            0.3986509144306183,
            -0.07023923099040985
        ],
        [
            -1.4901161193847656e-08,
            -0.902315616607666,
            -0.4310760200023651,
            0.21199685335159302
        ],
        [
            0.0,
            -0.0,
            -0.0,
            1.0
        ]
    ],
    "32_1_K": [
        [
            1111.1110311937682,
            0.0,
            400.0
        ],
        [
            0.0,
            1111.1110311937682,
            300.0
        ],
        [
            0.0,
            0.0,
            1.0
        ]
    ],
    "33_1_M": [
        [
            0.032577820122241974,
            0.44439348578453064,
            -0.8952391147613525,
            0.28258997201919556
        ],
        [
            0.9994692802429199,
            -0.014485057443380356,
            0.02918042428791523,
            0.02575203776359558
        ],
        [
            0.0,
            -0.8957145810127258,
            -0.4446294605731964,
            0.21551813185214996
        ],
        [
            0.0,
            -0.0,
            -0.0,
            1.0
        ]
    ],
    "33_1_K": [
        [
            1111.1110311937682,
            0.0,
            400.0
        ],
        [
            0.0,
            1111.1110311937682,
            300.0
        ],
        [
            0.0,
            0.0,
            1.0
        ]
    ],
    "34_1_M": [
        [
            -0.39509931206703186,
            0.44431987404823303,
            -0.8040375709533691,
            0.2588950991630554
        ],
        [
            0.9186385273933411,
            0.19109854102134705,
            -0.34581032395362854,
            0.12317749857902527
        ],
        [
            0.0,
            -0.8752492070198059,
            -0.483672171831131,
            0.2256617397069931
        ],
        [
            0.0,
            -0.0,
            -0.0,
            1.0
        ]
    ],
    "34_1_K": [
        [
            1111.1110311937682,
            0.0,
            400.0
        ],
        [
            0.0,
            1111.1110311937682,
            300.0
        ],
        [
            0.0,
            0.0,
            1.0
        ]
    ],
    "35_1_M": [
        [
            -0.7598281502723694,
            0.35322996973991394,
            -0.545792818069458,
            0.19180113077163696
        ],
        [
            0.6501240134239197,
            0.4128352105617523,
            -0.6378917694091797,
            0.19906246662139893
        ],
        [
            1.4901161193847656e-08,
            -0.8395211100578308,
            -0.5433270931243896,
            0.2411605268716812
        ],
        [
            0.0,
            -0.0,
            -0.0,
            1.0
        ]
    ],
    "35_1_K": [
        [
            1111.1110311937682,
            0.0,
            400.0
        ],
        [
            0.0,
            1111.1110311937682,
            300.0
        ],
        [
            0.0,
            0.0,
            1.0
        ]
    ],
    "36_1_M": [
        [
            -0.9747756719589233,
            0.13738417625427246,
            -0.17589223384857178,
            0.09569814801216125
        ],
        [
            0.2231871485710144,
            0.6000289916992188,
            -0.7682139277458191,
            0.23292118310928345
        ],
        [
            0.0,
            -0.788093090057373,
            -0.6155560612678528,
            0.2599261701107025
        ],
        [
            0.0,
            -0.0,
            -0.0,
            1.0
        ]
    ],
    "36_1_K": [
        [
            1111.1110311937682,
            0.0,
            400.0
        ],
        [
            0.0,
            1111.1110311937682,
            300.0
        ],
        [
            0.0,
            0.0,
            1.0
        ]
    ],
    "37_1_M": [
        [
            -0.9568937420845032,
            -0.200337752699852,
            0.2102833390235901,
            -0.004633218050003052
        ],
        [
            -0.29043808579444885,
            0.6600440740585327,
            -0.6928113698959351,
            0.21333102881908417
        ],
        [
            0.0,
            -0.7240211963653564,
            -0.6897777318954468,
            0.27920952439308167
        ],
        [
            0.0,
            -0.0,
            -0.0,
            1.0
        ]
    ],
    "37_1_K": [
        [
            1111.1110311937682,
            0.0,
            400.0
        ],
        [
            0.0,
            1111.1110311937682,
            300.0
        ],
        [
            0.0,
            0.0,
            1.0
        ]
    ],
    "38_1_M": [
        [
            -0.6484330296516418,
            -0.5742568969726562,
            0.4997636377811432,
            -0.07984241843223572
        ],
        [
            -0.7612717151641846,
            0.48913827538490295,
            -0.42568668723106384,
            0.14392998814582825
        ],
        [
            0.0,
            -0.6564851999282837,
            -0.7543389201164246,
            0.2959830164909363
        ],
        [
            0.0,
            -0.0,
            -0.0,
            1.0
        ]
    ],
    "38_1_K": [
        [
            1111.1110311937682,
            0.0,
            400.0
        ],
        [
            0.0,
            1111.1110311937682,
            300.0
        ],
        [
            0.0,
            0.0,
            1.0
        ]
    ],
    "39_1_M": [
        [
            -0.07549826800823212,
            -0.7965034246444702,
            0.5999018549919128,
            -0.10585906356573105
        ],
        [
            -0.99714595079422,
            0.060306746512651443,
            -0.04542118310928345,
            0.045134104788303375
        ],
        [
            -3.725290298461914e-09,
            -0.6016189455986023,
            -0.7987833023071289,
            0.3075299859046936
        ],
        [
            0.0,
            -0.0,
            -0.0,
            1.0
        ]
    ],
    "39_1_K": [
        [
            1111.1110311937682,
            0.0,
            400.0
        ],
        [
            0.0,
            1111.1110311937682,
            300.0
        ],
        [
            0.0,
            0.0,
            1.0
        ]
    ],
    "40_1_M": [
        [
            0.5640577673912048,
            -0.6740679740905762,
            0.47693923115730286,
            -0.07391247153282166
        ],
        [
            -0.825735330581665,
            -0.46045416593551636,
            0.3257960081100464,
            -0.05131097137928009
        ],
        [
            -1.4901162970204496e-08,
            -0.5775933265686035,
            -0.8163244724273682,
            0.31208735704421997
        ],
        [
            0.0,
            -0.0,
            -0.0,
            1.0
        ]
    ],
    "40_1_K": [
        [
            1111.1110311937682,
            0.0,
            400.0
        ],
        [
            0.0,
            1111.1110311937682,
            300.0
        ],
        [
            0.0,
            0.0,
            1.0
        ]
    ],
    "41_1_M": [
        [
            0.9561203122138977,
            -0.23602189123630524,
            0.1735733151435852,
            0.0049043260514736176
        ],
        [
            -0.29297447204589844,
            -0.7702559232711792,
            0.5664554238319397,
            -0.11383611708879471
        ],
        [
            0.0,
            -0.5924519300460815,
            -0.8056056499481201,
            0.30930250883102417
        ],
        [
            0.0,
            -0.0,
            -0.0,
            1.0
        ]
    ],
    "41_1_K": [
        [
            1111.1110311937682,
            0.0,
            400.0
        ],
        [
            0.0,
            1111.1110311937682,
            300.0
        ],
        [
            0.0,
            0.0,
            1.0
        ]
    ],
    "42_1_M": [
        [
            0.9457424283027649,
            0.2505114674568176,
            -0.20691843330860138,
            0.10375899076461792
        ],
        [
            0.3249173164367676,
            -0.7291681170463562,
            0.6022810935974121,
            -0.12314389646053314
        ],
        [
            0.0,
            -0.6368341445922852,
            -0.7710008025169373,
            0.3003118932247162
        ],
        [
            0.0,
            -0.0,
            -0.0,
            1.0
        ]
    ],
    "42_1_K": [
        [
            1111.1110311937682,
            0.0,
            400.0
        ],
        [
            0.0,
            1111.1110311937682,
            300.0
        ],
        [
            0.0,
            0.0,
            1.0
        ]
    ],
    "43_1_M": [
        [
            0.6221400499343872,
            0.5647382736206055,
            -0.5422292351722717,
            0.19087529182434082
        ],
        [
            0.7829060554504395,
            -0.44877198338508606,
            0.43088507652282715,
            -0.07861389964818954
        ],
        [
            0.0,
            -0.6925853490829468,
            -0.7213359475135803,
            0.28740859031677246
        ],
        [
            0.0,
            -0.0,
            -0.0,
            1.0
        ]
    ],
    "43_1_K": [
        [
            1111.1110311937682,
            0.0,
            400.0
        ],
        [
            0.0,
            1111.1110311937682,
            300.0
        ],
        [
            0.0,
            0.0,
            1.0
        ]
    ],
    "44_1_M": [
        [
            0.15380114316940308,
            0.659649133682251,
            -0.7356685400009155,
            0.24113228917121887
        ],
        [
            0.9881018400192261,
            -0.10267645865678787,
            0.11450912058353424,
            0.003582993522286415
        ],
        [
            0.0,
            -0.7445270419120789,
            -0.6675922870635986,
            0.2734455466270447
        ],
        [
            0.0,
            -0.0,
            -0.0,
            1.0
        ]
    ],
    "44_1_K": [
        [
            1111.1110311937682,
            0.0,
            400.0
        ],
        [
            0.0,
            1111.1110311937682,
            300.0
        ],
        [
            0.0,
            0.0,
            1.0
        ]
    ],
    "45_1_M": [
        [
            -0.3187931180000305,
            0.5881072282791138,
            -0.7433039546012878,
            0.24311605095863342
        ],
        [
            0.9478242993354797,
            0.19780516624450684,
            -0.2500043511390686,
            0.09828637540340424
        ],
        [
            -1.4901161193847656e-08,
            -0.7842212915420532,
            -0.6204812526702881,
            0.2612057626247406
        ],
        [
            0.0,
            -0.0,
            -0.0,
            1.0
        ]
    ],
    "45_1_K": [
        [
            1111.1110311937682,
            0.0,
            400.0
        ],
        [
            0.0,
            1111.1110311937682,
            300.0
        ],
        [
            0.0,
            0.0,
            1.0
        ]
    ],
    "46_1_M": [
        [
            -0.6999716758728027,
            0.4203557074069977,
            -0.5773566365242004,
            0.20000168681144714
        ],
        [
            0.7141706347465515,
            0.41199830174446106,
            -0.5658777952194214,
            0.18035273253917694
        ],
        [
            -1.4901161193847656e-08,
            -0.8084296584129333,
            -0.5885927081108093,
            0.25292089581489563
        ],
        [
            0.0,
            -0.0,
            -0.0,
            1.0
        ]
    ],
    "46_1_K": [
        [
            1111.1110311937682,
            0.0,
            400.0
        ],
        [
            0.0,
            1111.1110311937682,
            300.0
        ],
        [
            0.0,
            0.0,
            1.0
        ]
    ],
    "47_1_M": [
        [
            -0.9335761666297913,
            0.20691023766994476,
            -0.29261520504951477,
            0.12602366507053375
        ],
        [
            0.35837897658348083,
            0.5390005111694336,
            -0.762261688709259,
            0.23137474060058594
        ],
        [
            0.0,
            -0.8164965510368347,
            -0.5773502588272095,
            0.25
        ],
        [
            0.0,
            -0.0,
            -0.0,
            1.0
        ]
    ],
    "47_1_K": [
        [
            1111.1110311937682,
            0.0,
            400.0
        ],
        [
            0.0,
            1111.1110311937682,
            300.0
        ],
        [
            0.0,
            0.0,
            1.0
        ]
    ],
    "48_1_M": [
        [
            -0.9991047978401184,
            -0.024901041761040688,
            0.03420146927237511,
            0.0411141961812973
        ],
        [
            -0.04230606183409691,
            0.5880658030509949,
            -0.807705819606781,
            0.2431814968585968
        ],
        [
            0.0,
            -0.8084297180175781,
            -0.5885927081108093,
            0.25292089581489563
        ],
        [
            0.0,
            -0.0,
            -0.0,
            1.0
        ]
    ],
    "48_1_K": [
        [
            1111.1110311937682,
            0.0,
            400.0
        ],
        [
            0.0,
            1111.1110311937682,
            300.0
        ],
        [
            0.0,
            0.0,
            1.0
        ]
    ],
    "49_1_M": [
        [
            -0.9093098640441895,
            -0.2581944465637207,
            0.3263298571109772,
            -0.034783005714416504
        ],
        [
            -0.41611969470977783,
            0.5642096996307373,
